6.250000000000000000e-02
6.696428571428569843e-02
4.910714285714290472e-02
7.142857142857139685e-02
3.616071428571429047e-01
0.000000000000000000e+00
3.125000000000000000e-02
7.142857142857139685e-02
7.142857142857139685e-02
7.589285714285709528e-02
9.821428571428569843e-02
7.589285714285709528e-02
2.678571428571430157e-02
9.821428571428569843e-02
1.785714285714290472e-02
0.000000000000000000e+00
2.678571428571430157e-02
8.482142857142860315e-02
0.000000000000000000e+00
4.330357142857143016e-01
8.482142857142860315e-02
1.785714285714290472e-02
7.142857142857139685e-02
1.607142857142857262e-01
0.000000000000000000e+00
0.000000000000000000e+00
7.589285714285709528e-02
1.830357142857142738e-01
1.830357142857142738e-01
1.294642857142856984e-01
4.017857142857139685e-02
1.339285714285714246e-01
1.428571428571428492e-01
0.000000000000000000e+00
5.803571428571428770e-02
0.000000000000000000e+00
8.035714285714286309e-02
4.464285714285709528e-02
9.375000000000000000e-02
0.000000000000000000e+00
