2.383720930232557933e-01
2.325581395348836899e-01
6.395348837209302584e-02
2.325581395348836899e-01
0.000000000000000000e+00
5.813953488372103351e-03
1.686046511627906641e-01
2.325581395348836899e-01
2.325581395348836899e-01
2.325581395348836899e-01
2.209302325581395388e-01
2.325581395348836899e-01
1.686046511627906641e-01
2.383720930232558211e-01
1.686046511627906641e-01
0.000000000000000000e+00
1.686046511627906641e-01
2.034883720930232842e-01
2.325581395348841340e-02
0.000000000000000000e+00
1.860465116279069742e-01
1.395348837209302584e-01
1.802325581395348708e-01
5.813953488372103351e-03
1.162790697674420670e-02
1.162790697674420670e-02
1.860465116279069742e-01
0.000000000000000000e+00
0.000000000000000000e+00
1.686046511627906919e-01
0.000000000000000000e+00
0.000000000000000000e+00
0.000000000000000000e+00
0.000000000000000000e+00
3.604651162790697416e-01
0.000000000000000000e+00
4.593023255813953321e-01
3.081395348837209225e-01
4.651162790697674354e-01
0.000000000000000000e+00
