1.592920353982301140e-01
3.008849557522124130e-01
2.477876106194690786e-01
2.654867256637167827e-01
0.000000000000000000e+00
0.000000000000000000e+00
1.327433628318586134e-02
2.566371681415928752e-01
2.831858407079645978e-01
2.876106194690265516e-01
3.407079646017698860e-01
2.389380530973451711e-01
1.327433628318586134e-02
2.831858407079645978e-01
1.769911504424781512e-02
0.000000000000000000e+00
1.769911504424781512e-02
3.982300884955751741e-01
8.849557522123907560e-03
0.000000000000000000e+00
1.150442477876105762e-01
1.769911504424781512e-02
4.336283185840708043e-01
1.238938053097344838e-01
1.238938053097344838e-01
1.238938053097344838e-01
2.610619469026548845e-01
1.017699115044248259e-01
1.017699115044248259e-01
3.141592920353982743e-01
0.000000000000000000e+00
7.522123893805310324e-02
8.407079646017701080e-02
0.000000000000000000e+00
1.238938053097344838e-01
4.424778761061953780e-03
1.504424778761062065e-01
4.424778761061947119e-01
1.460176991150442527e-01
8.849557522123907560e-03
